This is EIP data
2.141825286617244084e-01
7.612221307678576632e-02
7.612221307678576632e-02
7.612221307678576632e-02
7.612221307678576632e-02
7.612221307678576632e-02
7.612221307678576632e-02
-7.217939080715604638e-02
-7.217939080715604638e-02
-7.217939080715604638e-02
-7.217939080715604638e-02
-7.217939080715604638e-02
-7.217939080715604638e-02
-7.217939080715604638e-02
-7.217939080715604638e-02
-7.217939080715604638e-02
-7.217939080715604638e-02
-7.217939080715604638e-02
-7.217939080715604638e-02
These are observed poles
-2.142128116366782409e-01
-7.609399599920871338e-02
-7.609399599920871338e-02
-7.609399599920871338e-02
-7.609399599920871338e-02
-7.609399599920871338e-02
-7.609399599920871338e-02
-1.472475222093569958e+00
-1.472475222093569958e+00
-1.472475222093569958e+00
-1.472475222093569958e+00
-1.472475222093569958e+00
-1.472475222093569958e+00
-1.472475222093569958e+00
-1.472475222093569958e+00
-1.472475222093569958e+00
-1.472475222093569958e+00
-1.472475222093569958e+00
-1.472475222093569958e+00
